,PDB,chainID,type,start,end,len,pLDDT_mean,seq
0,AF-A0A0A2JW93-F1-model_v4,A,domain,1.0,317.0,317.0,90.4861118170267,MRPLPTGIYTPLPCFFHENEDIDIEALQSHVKFIASAGTIPVVSGSMGEAIHLNREEKKTIIRSARVALDEVNLHDVPIVAGAGGASTRESIELCKDAAEAGADYVMVIPPGYYAGALLADTSSIKKFFVDIAEASPLPVIIYNFPAVSGGIDMDSDLIVQIIQSSANICGVKLTCANVGKLTRIMAQVSRPEFQAAFPRSSATPFRAIDGFIDFLLPSISVGSAGAISGLPNIAPKSCVKLWNLCQDSGSSKQATELQNLIALADGVALKIGIAGMKKLLHRHFGRKVACDMPNGPPCLRCTNKYQECTFEEGPGP
1,AF-A0A0A2JW93-F1-model_v4,A,loop,318.0,338.0,21.0,26.89287425149701,RKRARLCEQTETFGTCEQPDG
2,AF-A0A0A2JW93-F1-model_v4,A,domain,339.0,343.0,5.0,26.82021276595744,WQDLL
3,AF-A0A0A2JW93-F1-model_v4,A,loop,344.0,414.0,71.0,25.78704980842912,TETRPNIGQSEDLEAVSPQGSLLGANQELESTSPRTSHSSLSQDDTASLHSRSSLSSSPGRFPPSQKLVAT
4,AF-A0A0A2JW93-F1-model_v4,A,domain,415.0,953.0,539.0,87.10815556590593,SDSPSQINSLEFIPDAFSFYIGPTGVTDIHILSHQKYNDQNVSLPKVNGLKYRIMDNPGQKEMATVDFSPPTVFGITDHSLLEKAEPKLDPQLTENGWPRLWAMMDPTAAWHLIKLYSRYIDPYFPILSSHQIPSSSAELNKMPLALLTAICATALPFVMYDDSLYTMLLNPPSSEELYRLCWLCISQELHAPSLATLQACLLLQQRLPTNMYLSDTAFAWTLMATSLAVAQTIGLHRDTGSWTSIPAWEKRLRRRLWWGLYAMEKWVALARGMPSHLGDDDYDVSMLKADDIQDTLSDSPDTQSHIYHLSNLSTILSDIQRSFYSVKAIGKTSNDLQYSLDLARPMRVRLKDWRDNLPSNLRPVSNAVISGEDLDGNGSLYLSYIVTHVALLRALLRPLDRWPAIIKVNKEEPEATYEGAKAVVTGALLCVKEFVEFVERLTGAQWNAFWHSWSRPNFAIAGSFMVHLLQIVTPPNQTDSQSMPELLKYSFEKEHTELQDWIRRWRWATRISANGAAGVKGLTNLGFIKVETLIGNGT
5,AF-A0A0G2KIZ8-F1-model_v4,A,domain,1.0,4.0,4.0,39.595625,MKDT
6,AF-A0A0G2KIZ8-F1-model_v4,A,loop,5.0,40.0,36.0,35.955518518518524,SSKRPKSKEANKKKTKDKSNADNLPKPEEAAASEPG
7,AF-A0A0G2KIZ8-F1-model_v4,A,domain,41.0,220.0,180.0,68.1593470790378,HPEYIFPLVLTSVSQELFGCRADEDVTAENPHKLLKKQDIIQDLRHRAAVCDFSPVKQAVLDYPEDELLLVFDRDFIYGQSFYLVLTVQAKESILKPPAEGADEQMEDEEQQEEEEEMMTKTPEPQPWVSLGSERLVYTPSAVLSSVICVRQLRYSVCPLGRRSGTRVRFSDRNALDWKE
8,AF-A0A0G2KIZ8-F1-model_v4,A,loop,221.0,245.0,25.0,54.23524752475248,ELVECSSYEDKSFSITRMERDSSTQ
9,AF-A0A0G2KIZ8-F1-model_v4,A,domain,246.0,247.0,2.0,67.20538461538462,TC
10,AF-A0A0G2KIZ8-F1-model_v4,A,loop,248.0,271.0,24.0,76.81181818181818,RDNTHTCTQTLWKKPKNMWSQYEP
11,AF-A0A0G2KIZ8-F1-model_v4,A,domain,272.0,777.0,506.0,80.21162195727769,REFSSEEKQHQLQSENLKNFITSVARRFEIYLQQNLIADVFCDDWTALCEDDASLMGKTETQLKEYQSFMDLHFSKEKTISHVQWHPSISGVIVVSMMERLSLEERIDSSTKLLLNPSHILFWSFSDPINPQLQLECPDDVLCFQFSPSDHNIIAGGCMNGQVVLWDISAHVDRLQDTRSGGKNILNKLGKSDATPVVRYCAVSGIENGHKAPITDIQWLPETFEVNKLGTPVENQSRTSVQLVTCAPDCCVLFWDLRAPRVMVHSLTDIKQKQEEKPLENPHGVPNTFTHLNLTWKPFIRVSLPKISSSGEYSPLRFSMRENTVDYNTGDKSVSGADSRVFAQLRMQSAKQQKPLQNISTKLYIATEDGELVYTDWKVEKDNDSGRMLSAKPLDVFLLQDTLLHTVSRSPFFRDIILTVGRFSFSIWREGLTCGPLLMSVYSKSMFSAGHWSRSRPAVLFMGREDGDVEVWDLLQNSRQPSHTQNISTAAISCIRTQTSSGNTHP
12,AF-A0A0G2KIZ8-F1-model_v4,A,loop,778.0,813.0,36.0,32.45513793103448,YTETLHTHTHTQPPSAAYAHRPAPVTHTHTHKHCTH
13,AF-A0A0G2KIZ8-F1-model_v4,A,domain,814.0,968.0,155.0,70.02689230769231,THTHTHTHTHTHSRHQLHTHTDQLRVLEERVREAKQNLLAVSDRLGTLHILQIPGSLRRSSSSERQNVEKYFEKEEERLQYFEKRQSDHQKKKKETEAEQQKKKTELVTPPKQEEEVNAETLKEYQQFLTLEKLILKDMNIQNETQQTCNTINTP
14,AF-A0A0H2UNG0-F1-model_v4,A,domain,1.0,32.0,32.0,28.90223140495868,MRKTPSHTEKKMVYSIRSLKNGTGSVLIGASL
15,AF-A0A0H2UNG0-F1-model_v4,A,loop,33.0,126.0,94.0,31.996581709145428,VLLAMATPTISSDESTPTTNEPNNRNTTTLAQPLTDTAAGSGKNESDISSPGNANASLEKTEEKPAASPADPAPQTGQDRSSEPTTSTSPVTTE
16,AF-A0A0H2UNG0-F1-model_v4,A,domain,127.0,1145.0,1019.0,96.37442194403535,TKAEEPIEDNYFRIHVKKLPEENKDAQGLWTWDDVEKPSENWPNGALSFKDAKKDDYGYYLDVKLKGEQAKKISFLINNTAGKNLTGDKSVEKLVPKMNEAWLDQDYKVFSYEPQPAGTVRVNYYRTDGNYDKKSLWYWGDVKNPSSAQWPDGTDFTATGKYGRYIDIPLNEAAREFGFLLLDESKQGDDVKIRKENYKFTDLKNHSQIFLKDDDESIYTNPYYVHDIRMTGAQHVGTSSIESSFSTLVGAKKEDILKHSNITNHLGNKVTITDVAIDEAGKKVTYSGDFSDTKHPYTVSYNSDQFTTKTSWRLKDETYSYDGKLGADLKEEGKQVDLTLWSPSADKVSVVVYDKNDPDKVVGTVALEKGERGTWKQTLDSTNKLGITDFTGYYYQYQIERQGKTVLALDPYAKSLAAWNSDDSKIDDAHKVAKAAFVDPAKLGPQDLTYGKIHNFKTREDAVIYEAHVRDFTSDPAIAKDLTKPFGTFEAFIEKLDYLKDLGVTHIQLLPVLSYYFVNELKNHERLSDYASSNSNYNWGYDPQNYFSLTGMYSSDPKNPEKRIAEFKNLINEIHKRGMGAILDVVYNHTAKVDLFEDLEPNYYHFMDADGTPRTSFGGGRLGTTHHMTKRLLIDSIKYLVDTYKVDGFRFDMMGDHDAASIEEAYKAARALNPNLIMLGEGWRTYAGDENMPTKAADQDWMKHTDTVAVFSDDIRNNLKSGYPNEGQPAFITGGKRDVNTIFKNLIAQPTNFEADSPGDVIQYIAAHDNLTLFDIIAQSIKKDPSKAENYAEIHRRLRLGNLMVLTAQGTPFIHSGQEYGRTKQFRDPAYKTPVAEDKVPNKSHLLRDKDGNPFDYPYFIHDSYDSSDAVNKFDWTKATDGKAYPENVKSRDYMKGLIALRQSTDAFRLKSLQDIKDRVHLITVPGQNGVEKEDVVIGYQITAPNGDIYAVFVNADEKAREFNLGTAFAHLRNAEVLADENQAGPVGIANPKGLEWTEKGLKLNALTATVLRVSQNGT
17,AF-A0A0H2UNG0-F1-model_v4,A,loop,1146.0,1261.0,116.0,35.965432525951556,SHESTAEEKPDSTPSKPEHQNEASHPAHQDPAPEARPDSTKPDAKVADAENKPSQATADSQAEQPAQEAQASSVKEAVRNESVENSSKENIPATPDKQAELPNTGIKNENKLLFAG
18,AF-A0A0H2UNG0-F1-model_v4,A,domain,1262.0,1280.0,19.0,36.298707482993194,ISLLALLGLGFLLKNKKEN
